%co2data4 observes the sum of the first 3 co2 pools
function y=biom(No)
y=[91	4494.467587	4506.199582
120	4636.072073	4657.678591
151	4719.190874	4758.380104
181	4750.595832	4781.090658
212	4833.002666	4857.927484
243	4900.333477	4935.666061
273	4948.636667	4989.591562
304	4959.576404	5013.135082
334	4950.612106	5009.558558
365	4950.039538	5004.085225
396	4980.8536	5044.109197
424	4999.636995	5060.42688
455	5004.615875	5081.865024
485	5116.355514	5223.870931
516	5228.606115	5352.194391
546	5266.749156	5421.638164
577	5282.809869	5491.110394
608	5293.72708	5489.444446
638	5343.670566	5543.689638
669	5370.812203	5574.653521
699	5376.156088	5577.492171
730	5398.313067	5585.884434
761	5450.032618	5654.267682
789	5409.599821	5617.049493
820	5484.446101	5704.314553
850	5565.207841	5811.865508
881	5692.407502	5962.681553
912	5712.063247	6000.231379
942	5716.061766	6008.373967
973	5728.073115	6029.822829
1003	5774.99059	6090.073099
1034	5787.189698	6093.049546
1064	5816.70089	6122.583682
1095	5810.118033	6129.122147
1126	5852.245742	6177.959377
1154	5867.833061	6195.267194
1185	5855.862665	6190.845323
1215	5934.161284	6287.175701
1246	6051.125857	6426.385977
1276	6103.811909	6494.080503
1307	6142.338864	6553.288045
1338	6181.839647	6611.993806
1368	6246.34244	6697.540868
1399	6194.588677	6638.434405
1429	6234.990696	6681.466874
1460	6211.950957	6659.137257
1491	6212.322219	6659.294259
1519	6251.198724	6715.423059
1550	6254.504166	6718.729107
1580	6317.748914	6807.138752
1611	6402.558853	6919.115091
1641	6446.867739	6990.012551
1672	6470.127908	7022.801639
1703	6518.845615	7084.121427
1733	6514.178556	7079.048864
1764	6520.648583	7086.085319
1794	6509.966935	7074.464807
1825	6469.170081	7030.060141
];

