function y=carbon(No)		
	%day	u1	u2
   Cfl=[
    1	0.012	0.012
	2	0.6683	0.6683
	3	0.9283	0.9283
	4	0.9178	0.9178
	5	0.6504	0.6504
	6	0.916	0.916
	7	0.7392	0.7392
	8	0.2947	0.2947
	9	0	0
	10	0.4422	0.4422
	11	0	0
	12	0	0
	13	0	0
	14	0.4043	0.4043
	15	1.0924	1.0924
	16	1.9967	1.9967
	17	0	0
	18	0	0
	19	0	0
	20	0.9292	0.9292
	21	1.532	1.532
	22	1.2054	1.2054
	23	3.0661	3.0661
	24	0.2551	0.2551
	25	2.1027	2.1027
	26	0.934	0.934
	27	0.8964	0.8964
	28	1.3004	1.3004
	29	1.3649	1.3649
	30	0	0
	31	0.9867	0.9867
	32	2.3686	2.3686
	33	2.7249	2.7249
	34	2.193	2.193
	35	0.593	0.593
	36	1.8703	1.8703
	37	2.15	2.15
	38	2.8075	2.8075
	39	0	0
	40	0.2327	0.2327
	41	0	0
	42	0.187	0.187
	43	1.8745	1.8745
	44	0	0
	45	0	0
	46	2.6881	2.6881
	47	2.0898	2.0898
	48	2.3843	2.3843
	49	1.8959	1.8959
	50	3.8391	3.8391
	51	3.7246	3.7246
	52	2.1922	2.1922
	53	1.7439	1.7439
	54	2.8083	2.8083
	55	3.2821	3.2821
	56	3.2843	3.2843
	57	0.989	0.989
	58	3.1478	3.1478
	59	0.9061	0.9061
	60	2.4293	2.4293
	61	1.6819	1.6819
	62	0.6325	0.6325
	63	1.801	1.801
	64	2.6697	2.6697
	65	3.9736	3.9736
	66	2.8483	2.8483
	67	3.2186	3.2186
	68	4.1523	4.1523
	69	3.6484	3.6484
	70	3.1755	3.1755
	71	3.8931	3.8931
	72	2.4565	2.4565
	73	1.2749	1.2749
	74	2.9318	2.9318
	75	1.657	1.657
	76	2.3283	2.3283
	77	3.2224	3.2224
	78	0.6443	0.6443
	79	2.7516	2.7516
	80	3.1788	3.1788
	81	4.7521	4.7521
	82	3.505	3.505
	83	3.3324	3.3324
	84	1.8515	1.8515
	85	4.3616	4.3616
	86	3.5202	3.5202
	87	2.4456	2.4456
	88	4.6116	4.6116
	89	4.496	4.496
	90	4.872	4.872
	91	3.8851	3.8851
	92	4.1262	4.1262
	93	4.0112	4.0112
	94	3.9794	3.9794
	95	4.5286	4.5286
	96	2.5556	2.5556
	97	5.5888	5.5888
	98	5.3472	5.3472
	99	5.2696	5.2696
	100	2.3632	2.3632
	101	2.942	2.942
	102	0.7529	0.7529
	103	3.2974	3.2974
	104	3.6714	3.6714
	105	2.5712	2.5712
	106	3.5006	3.5006
	107	3.5401	3.5401
	108	3.8541	3.8541
	109	3.1196	3.1196
	110	5.1384	5.1384
	111	2.6869	2.6869
	112	2.011	2.011
	113	0.895	0.895
	114	4.2144	4.2144
	115	4.0634	4.0634
	116	3.5894	3.5894
	117	0.8651	0.8651
	118	1.2321	1.2321
	119	5.1523	5.1523
	120	4.2777	4.2777
	121	4.6667	4.6667
	122	5.7945	5.7945
	123	3.0944	3.0944
	124	5.2761	5.2761
	125	4.4448	4.4448
	126	5.1604	5.1604
	127	6.279	6.279
	128	4.8258	4.8258
	129	4.7352	4.7352
	130	5.6947	5.6947
	131	4.067	4.067
	132	4.9549	4.9549
	133	5.6986	5.6986
	134	4.3784	4.3784
	135	5.2929	5.2929
	136	5.9735	5.9735
	137	3.0885	3.0885
	138	5.1865	5.1865
	139	5.8234	5.8234
	140	4.2351	4.2351
	141	6.7725	6.7725
	142	6.3529	6.3529
	143	5.9554	5.9554
	144	4.5633	4.5633
	145	3.6187	3.6187
	146	3.0791	3.0791
	147	4.2169	4.2169
	148	6.2158	6.2158
	149	5.561	5.561
	150	4.2957	4.2957
	151	5.4692	5.4692
	152	3.4557	3.4557
	153	4.0548	4.0548
	154	1.489	1.489
	155	4.354	4.354
	156	6.2399	6.2399
	157	1.97	1.97
	158	3.2319	3.2319
	159	5.0477	5.0477
	160	5.6262	5.6262
	161	5.8074	5.8074
	162	5.5996	5.5996
	163	4.825	4.825
	164	5.101	5.101
	165	4.5586	4.5586
	166	5.869	5.869
	167	6.2042	6.2042
	168	6.5523	6.5523
	169	6.2636	6.2636
	170	6.9325	6.9325
	171	5.8139	5.8139
	172	5.7234	5.7234
	173	6.4946	6.4946
	174	6.7669	6.7669
	175	6.4226	6.4226
	176	6.1325	6.1325
	177	6.4869	6.4869
	178	4.6322	4.6322
	179	5.6186	5.6186
	180	6.6337	6.6337
	181	5.8586	5.8586
	182	3.0701	3.0701
	183	5.3573	5.3573
	184	6.5603	6.5603
	185	7.0298	7.0298
	186	7.0804	7.0804
	187	5.4397	5.4397
	188	6.0319	6.0319
	189	6.6955	6.6955
	190	6.376	6.376
	191	5.9727	5.9727
	192	8.1676	8.1676
	193	6.5982	6.5982
	194	6.3256	6.3256
	195	6.4275	6.4275
	196	5.5872	5.5872
	197	5.4976	5.4976
	198	6.9389	6.9389
	199	6.5477	6.5477
	200	6.0913	6.0913
	201	6.6463	6.6463
	202	5.0933	5.0933
	203	5.5796	5.5796
	204	3.8822	3.8822
	205	5.8376	5.8376
	206	6.5529	6.5529
	207	6.2661	6.2661
	208	7.0054	7.0054
	209	6.2968	6.2968
	210	6.8635	6.8635
	211	2.4989	2.4989
	212	8.2279	8.2279
	213	7.3534	7.3534
	214	6.6707	6.6707
	215	6.86	6.86
	216	5.2228	5.2228
	217	6.3061	6.3061
	218	6.7493	6.7493
	219	4.9031	4.9031
	220	7.766	7.766
	221	1.9921	1.9921
	222	7.8373	7.8373
	223	7.4733	7.4733
	224	2.5446	2.5446
	225	2.8661	2.8661
	226	4.4916	4.4916
	227	7.6641	7.6641
	228	6.8448	6.8448
	229	6.6229	6.6229
	230	6.379	6.379
	231	5.5785	5.5785
	232	5.8072	5.8072
	233	6.2825	6.2825
	234	5.7102	5.7102
	235	6.3298	6.3298
	236	5.5586	5.5586
	237	5.7623	5.7623
	238	4.7541	4.7541
	239	5.1927	5.1927
	240	5.1829	7.2534
	241	6.4414	9.1035
	242	5.6133	7.9167
	243	6.4926	9.143
	244	7.1192	10.097
	245	4.7078	6.6911
	246	1.7862	2.4751
	247	3.3352	4.6332
	248	1.7016	2.3528
	249	1.6987	2.3489
	250	1.694	2.3424
	251	1.6912	2.3385
	252	1.6883	2.3345
	253	1.6855	2.3306
	254	3.0103	3.9242
	255	4.9653	6.9807
	256	6.2883	8.8582
	257	7.9478	10.7547
	258	7.5073	10.3836
	259	2.1975	3.0925
	260	6.554	9.2043
	261	6.9689	9.4089
	262	7.8037	10.6011
	263	7.0835	9.9022
	264	4.9296	7.0023
	265	7.5365	10.2993
	266	7.4342	10.2185
	267	5.5653	7.891
	268	5.623	7.8084
	269	3.7361	5.1428
	270	6.4694	9.085
	271	4.6252	6.5914
	272	3.3436	4.5254
	273	2.8383	3.8438
	274	1.3747	1.8729
	275	1.7922	2.471
	276	5.2258	7.338
	277	6.9593	8.9741
	278	6.268	8.3116
	279	5.3913	7.1647
	280	1.5229	2.0369
	281	1.9342	2.585
	282	4.1974	5.805
	283	6.3328	8.215
	284	5.2272	6.8887
	285	4.8972	6.6582
	286	5.1888	7.0911
	287	5.979	8.1208
	288	6.0435	8.1612
	289	5.5923	7.6492
	290	5.2768	7.2493
	291	2.6723	3.8151
	292	5.5221	7.145
	293	5.0936	6.6736
	294	4.7642	6.4225
	295	5.2663	7.1316
	296	2.0234	2.7637
	297	5.0603	6.7843
	298	4.6996	6.3343
	299	2.4099	3.3231
	300	3.1853	4.3539
	301	3.9097	5.3991
	302	4.9734	6.7072
	303	3.7427	5.3227
	304	4.9816	6.7053
	305	1.6639	2.2721
	306	1.5633	2.0742
	307	1.923	2.4887
	308	2.3717	3.1599
	309	1.3248	1.7707
	310	3.2561	4.4608
	311	1.9099	2.6222
	312	0.8737	1.2278
	313	2.2819	2.9815
	314	0	0
	315	0.6251	0.7981
	316	0.5685	0.7343
	317	1.0763	1.4142
	318	0.6314	0.8144
	319	0.489	0.6239
	320	1.3409	1.7357
	321	1.6111	2.1564
	322	1.2527	1.6565
	323	2.9066	3.8439
	324	3.4147	4.4117
	325	0.7768	1.0176
	326	1.3792	1.7525
	327	1.2695	1.662
	328	2.4416	3.241
	329	1.6681	2.2173
	330	2.4648	3.3905
	331	0.5734	0.7329
	332	0.1802	0.2279
	333	0.353	0.4555
	334	0.4828	0.6193
	335	0.0466	0.0614
	336	0	0
	337	1.2579	1.6547
	338	2.4337	3.1595
	339	0.0698	0.0882
	340	1.7756	2.2852
	341	0.4477	0.5943
	342	0.9625	1.2416
	343	0.4494	0.5648
	344	0.8916	1.1632
	345	1.8734	2.49
	346	2.7994	3.7549
	347	2.0727	2.7795
	348	2.3901	3.0745
	349	1.3858	1.7876
	350	0.1189	0.1494
	351	0.6433	0.8537
	352	0.8792	1.1373
	353	0.5617	0.7076
	354	0	0
	355	0	0
	356	0.1165	0.1552
	357	2.3512	3.1736
	358	3.2297	4.3258
	359	0.3889	0.4977
	360	0.6385	0.8339
	361	1.9764	2.5442
	362	1.4899	1.9887
	363	2.9255	3.9468
	364	3.1647	4.148
	365	1.6254	2.2358
	366	0.0128	0.0155
	367	0.6754	0.8988
	368	0.9332	1.294
	369	0.9237	1.307
	370	0.6469	0.8824
	371	0.9197	1.2395
	372	0.7448	0.9749
	373	0.2976	0.3871
	374	0	0
	375	0.4433	0.5684
	376	0	0
	377	0	0
	378	0	0
	379	0.4102	0.5472
	380	1.1171	1.5292
	381	2.0357	2.6878
	382	0	0
	383	0	0
	384	0	0
	385	0.9406	1.2389
	386	1.5661	2.0965
	387	1.2225	1.6382
	388	3.1268	4.1385
	389	0.2567	0.3283
	390	2.119	2.8214
	391	0.9508	1.2447
	392	0.921	1.1637
	393	1.314	1.7301
	394	1.4055	1.7837
	395	0	0
	396	1.0017	1.2559
	397	2.4283	3.4968
	398	2.8239	3.734
	399	2.2457	3.1275
	400	0.6001	0.7722
	401	1.9004	2.4812
	402	2.2193	2.9419
	403	2.9274	3.8241
	404	0	0
	405	0.2391	0.2899
	406	0	0
	407	0.1909	0.2348
	408	1.9101	2.4771
	409	0	0
	410	0	0
	411	2.7619	3.5508
	412	2.1628	3.0106
	413	2.4369	3.1093
	414	1.9648	2.8932
	415	3.8644	5.1718
	416	3.7665	5.0495
	417	2.1989	3.0321
	418	1.7437	2.4782
	419	2.8749	3.8491
	420	3.3602	4.6099
	421	3.2892	4.2556
