%Collection Date	Date	Ambient	Elevated
function y = litter_fall(No3)
y = [
7/5/96	186	38.82792022	28.77879012
8/5/96	217	63.31303278	58.11510152
9/5/96	248	34.96345767	35.20479564
9/13/96	256	178.5870486	123.0075233
9/30/96	273	29.97784273	31.59847308
10/14/96	287	28.97277698	26.50288134
10/25/96	298	37.30199212	35.7562071
11/11/96	315	109.2787528	115.7612742
11/25/96	329	9.910131644	9.761968456
12/10/96	344	23.85427341	30.62090152
1/20/97	385	39.8721001	44.52376249
2/18/97	414	4.879701256	5.272985678
3/18/97	442	21.29188983	17.89774612
4/16/97	471	34.35124609	29.30828222
5/16/97	501	32.34351259	32.63930213
6/26/97	542	19.90052226	20.7614516
7/12/97	558	24.6281976	24.50591589
8/22/97	599	54.68801661	56.15209223
9/17/97	625	79.15757848	78.82213
10/20/97	658	63.53030629	66.1213566
11/12/97	681	70.51193101	76.11045043
12/23/97	722	93.90739677	94.20649122
1/5/98	735	16.20728409	15.88670771
2/11/98	772	34.09181057	40.42402026
3/23/98	812	45.0178467	46.09194281
4/15/98	835	12.38350193	9.838720378
6/1/98	882	19.96496802	25.26604544
7/7/98	918	29.5508627	40.58430844
8/9/98	951	50.31066184	84.27853824
9/3/98	976	71.01592996	81.27767896
10/1/98	1004	38.82609573	43.45297129
10/16/98	1019	19.4229626	21.29023738
10/29/98	1032	32.81115751	41.33121836
11/13/98	1047	126.2021619	143.7041449
12/1/98	1065	61.48456631	73.28640389
1/6/99	1101	78.64862217	98.09967651
2/5/99	1131	23.5574064	32.18487686
3/3/99	1157	13.07422836	11.68120832
3/31/99	1185	32.54511217	24.33406051
5/3/99	1218	29.47154483	25.74856247
5/28/99	1243	14.90680157	15.23894513
7/1/99	1277	14.37305842	16.42210331
8/4/99	1311	75.19003269	58.82741778
9/2/99	1340	53.35448498	65.73137709
10/1/99	1369	63.89549897	69.66587377
10/15/99	1383	23.35580682	26.14019443
11/1/99	1400	44.23127786	73.78214056
11/15/99	1414	134.3016728	161.7109531
12/1/99	1430	53.11157401	77.45224434
1/3/10	1463	36.52422514	40.63553457
2/11/10	1502	92.07151864	108.323419
3/3/10	1523	11.00370154	4.582259256
4/3/10	1554	26.44589871	17.70110391
5/2/10	1583	32.28898156	36.40524834
6/1/10	1613	53.35944234	31.39996047
7/3/10	1645	39.20450806	42.78042188
8/7/10	1680	29.91440292	43.85451799
9/7/10	1711	46.17621804	101.9300685
10/2/10	1736	38.17998561	49.58192894
10/17/10	1751	28.3201138	38.43281131
11/1/10	1766	70.41774104	76.70037707
11/15/10	1780	129.6500104	172.1230756
11/30/10	1795	61.82497216	73.91598946
];