%Day, moisture	
function y=mois5_tao(No)	
moist=[	
1	0.335989583
2	0.326216667
3	0.3170375
4	0.311435417
5	0.305927083
6	0.294827083
7	0.30209375
8	0.342152083
9	0.343552083
10	0.330979167
11	0.320952083
12	0.310589583
13	0.3054375
14	0.304791667
15	0.337216667
16	0.38665
17	0.362610417
18	0.34458125
19	0.355679167
20	0.34944375
21	0.339252083
22	0.3296875
23	0.38023125
24	0.37115625
25	0.3509
26	0.350160417
27	0.389445833
28	0.42836875
29	0.398272917
30	0.379075
31	0.366385417
32	0.35531875
33	0.343997917
34	0.34685
35	0.441175
36	0.426397917
37	0.40529375
38	0.396422917
39	0.369245833
40	0.365152083
41	0.362920833
42	0.357758333
43	0.358460417
44	0.34971875
45	0.3417875
46	0.337516667
47	0.354679167
48	0.430722917
49	0.405225
50	0.38661875
51	0.372345833
52	0.360727083
53	0.350520833
54	0.361733333
55	0.356141667
56	0.34181875
57	0.33213125
58	0.325260417
59	0.3198
60	0.317064583
61	0.3135875
62	0.312360417
63	0.3110125
64	0.3060625
65	0.301570833
66	0.295022917
67	0.350589583
68	0.411085417
69	0.3920875
70	0.37790625
71	0.370560417
72	0.361358333
73	0.3479
74	0.340097917
75	0.3363125
76	0.3375
77	0.432729167
78	0.439329167
79	0.422372917
80	0.443891667
81	0.421875
82	0.403872917
83	0.3850375
84	0.370389583
85	0.354566667
86	0.339110417
87	0.329472917
88	0.318354167
89	0.306995833
90	0.296533333
91	0.3155625
92	0.319252083
93	0.304210417
94	0.300952083
95	0.296333333
96	0.289195833
97	0.279560417
98	0.2677875
99	0.326952083
100	0.329633333
101	0.320385417
102	0.309120833
103	0.298041667
104	0.297589583
105	0.291704167
106	0.28326875
107	0.320547917
108	0.3392875
109	0.345135417
110	0.344472917
111	0.327679167
112	0.3194125
113	0.314466667
114	0.30318125
115	0.2890875
116	0.2816875
117	0.27685625
118	0.27416875
119	0.265052083
120	0.258189583
121	0.260910417
122	0.2580125
123	0.249189583
124	0.243447917
125	0.238135417
126	0.230197917
127	0.229714583
128	0.24406875
129	0.246908333
130	0.246227083
131	0.33605
132	0.324241667
133	0.31924375
134	0.313227083
135	0.302129167
136	0.283566667
137	0.274289583
138	0.265622917
139	0.2541125
140	0.24360625
141	0.23430625
142	0.226325
143	0.246116667
144	0.262075
145	0.253033333
146	0.261333333
147	0.258064583
148	0.250747917
149	0.24334375
150	0.234539583
151	0.226804167
152	0.217433333
153	0.213285417
154	0.212345833
155	0.2472125
156	0.260877083
157	0.27424375
158	0.285097917
159	0.270429167
160	0.26044375
161	0.269779167
162	0.267604167
163	0.2539375
164	0.242541667
165	0.231735417
166	0.242627083
167	0.240489583
168	0.227064583
169	0.214552083
170	0.205997917
171	0.198783333
172	0.190458333
173	0.182970833
174	0.176952083
175	0.171291667
176	0.166235417
177	0.153272917
178	0.1447375
179	0.14219375
180	0.140239583
181	0.146933333
182	0.152752083
183	0.152825
184	0.152025
185	0.149141667
186	0.147370833
187	0.146304167
188	0.1444625
189	0.142354167
190	0.141316667
191	0.14084375
192	0.1407875
193	0.14043125
194	0.139758333
195	0.139027083
196	0.1376625
197	0.136535417
198	0.136445833
199	0.136229167
200	0.135322917
201	0.134329167
202	0.133695833
203	0.132970833
204	0.133477083
205	0.133166667
206	0.133208333
207	0.133464583
208	0.133641667
209	0.133075
210	0.131610417
211	0.133952083
212	0.141954167
213	0.140908333
214	0.137127083
215	0.135422917
216	0.134277083
217	0.133716667
218	0.13301875
219	0.132547917
220	0.132014583
221	0.134591667
222	0.177002083
223	0.217595833
224	0.2007125
225	0.187616667
226	0.1770625
227	0.163089583
228	0.156785417
229	0.17609375
230	0.165783333
231	0.160160417
232	0.15856875
233	0.155839583
234	0.15285625
235	0.1498
236	0.14755625
237	0.14656875
238	0.146052083
239	0.145304167
240	0.143925
241	0.143691667
242	0.1537625
243	0.149429167
244	0.14849375
245	0.148316667
246	0.176702083
247	0.305025
248	0.2839875
249	0.276766667
250	0.260447917
251	0.26755
252	0.274554167
253	0.260545833
254	0.246872917
255	0.23285625
256	0.220122917
257	0.21030625
258	0.201645833
259	0.194379167
260	0.188402083
261	0.182810417
262	0.178264583
263	0.1749625
264	0.171697917
265	0.168033333
266	0.1688375
267	0.168691667
268	0.1639875
269	0.15865
270	0.156695833
271	0.153397917
272	0.153677083
273	0.159166667
274	0.176645833
275	0.18105
276	0.180204167
277	0.181697917
278	0.182720833
279	0.180533333
280	0.178258333
281	0.2184875
282	0.23306875
283	0.22525625
284	0.2170375
285	0.211472917
286	0.204677083
287	0.19963125
288	0.19765625
289	0.19463125
290	0.191472917
291	0.187485417
292	0.1814625
293	0.180377083
294	0.177952083
295	0.179227083
296	0.1796625
297	0.17666875
298	0.173327083
299	0.173522917
300	0.17265625
301	0.169597917
302	0.167522917
303	0.164666667
304	0.159083333
305	0.156514583
306	0.156110417
307	0.2604375
308	0.260089583
309	0.253775
310	0.245410417
311	0.241233333
312	0.233629167
313	0.223672917
314	0.215485417
315	0.220404167
316	0.223185417
317	0.217935417
318	0.218529167
319	0.2325125
320	0.233566667
321	0.241622917
322	0.237747917
323	0.2316375
324	0.223570833
325	0.225272917
326	0.22440625
327	0.216725
328	0.209227083
329	0.207439583
330	0.215414583
331	0.209295833
332	0.203914583
333	0.198145833
334	0.192422917
335	0.18933125
336	0.188795833
337	0.182822917
338	0.179647917
339	0.17649375
340	0.1730875
341	0.171070833
342	0.169897917
343	0.2051
344	0.20415625
345	0.1963375
346	0.194672917
347	0.31391875
348	0.320647917
349	0.312479167
350	0.341285417
351	0.32735625
352	0.320635417
353	0.310845833
354	0.311197917
355	0.306902083
356	0.303260417
357	0.312527083
358	0.345620833
359	0.351191667
360	0.34409375
361	0.351764583
362	0.343939583
363	0.339741667
364	0.341291667
365	0.338033333
1	0.333360417
2	0.323120833
3	0.315233333
4	0.309752083
5	0.303177083
6	0.2915375
7	0.31230625
8	0.350839583
9	0.339058333
10	0.327825
11	0.317020833
12	0.308191667
13	0.305177083
14	0.304295833
15	0.35599375
16	0.391279167
17	0.353179167
18	0.342010417
19	0.359783333
20	0.34658125
21	0.33555625
22	0.338320833
23	0.387085417
24	0.362979167
25	0.347572917
26	0.351885417
27	0.418127083
28	0.417620833
29	0.391110417
30	0.374708333
31	0.363372917
32	0.351804167
33	0.33961875
34	0.379425
35	0.440570833
36	0.417020833
37	0.402847917
38	0.3923625
39	0.357077083
40	0.371758333
41	0.359085417
42	0.359427083
43	0.35585625
44	0.346227083
45	0.34111875
46	0.335272917
47	0.380383333
48	0.4294875
49	0.40015
50	0.38084375
51	0.368847917
52	0.357335417
53	0.349095833
54	0.365320833
55	0.351495833
56	0.338722917
57	0.329314583
58	0.322879167
59	0.319454167
60	0.3154875
61	0.312970833
62	0.312760417
63	0.309770833
64	0.304158333
65	0.29975625
66	0.297397917
67	0.38391875
68	0.406683333
69	0.387335417
70	0.375039583
71	0.368695833
72	0.357325
73	0.344591667
74	0.337479167
75	0.3357
76	0.361729167
77	0.445641667
78	0.428208333
79	0.432977083
80	0.437466667
81	0.4168875
82	0.3970875
83	0.380552083
84	0.366285417
85	0.34846875
86	0.335808333
87	0.326379167
88	0.314845833
89	0.3030625
90	0.2933
91	0.32701875
92	0.31521875
93	0.299364583
94	0.3009375
95	0.2952375
96	0.286608333
97	0.274983333
98	0.278285417
99	0.334854167
100	0.328060417
101	0.317314583
102	0.30571875
103	0.2934875
104	0.299375
105	0.287897917
106	0.288366667
107	0.328991667
108	0.344058333
109	0.34790625
110	0.339316667
111	0.322602083
112	0.318410417
113	0.3144375
114	0.294485417
115	0.288904167
116	0.2778375
117	0.277997917
118	0.271425
119	0.261597917
120	0.25824375
121	0.261325
122	0.255629167
123	0.246735417
124	0.242295833
125	0.236154167
126	0.227183333
127	0.234816667
128	0.246045833
129	0.24568125
130	0.274045833
131	0.33453125
132	0.3209875
