%observed soil respiration CO2 flux observation over 5 years.
%days	FlxLCO2	FlxHCO2
function y=soil_resp(No)
y=[190	3.955142536	4.20406768
210	3.872167518	4.23172602
256	3.484950766	3.193700138
268	2.931783978	3.20836744
283	2.046717117	2.46159226
308	1.382916971	1.60418372
322	1.521208668	1.32760032
337	1.189308595	1.13399194
367	1.244625274	1.13399194
381	0.636141807	0.49785012
399	1.023358558	1.27228364
415	0.802091843	0.91272522
437	1.133991916	1.27228364
459	1.272283613	1.46589202
493	1.548867007	1.68715874
547	4.425334306	4.39767606
584	3.429634087	4.523745009
613	1.936083759	2.830370127
651	1.189308595	2.674547509
687	0.995700219	1.365651491
711	0.885066861	1.240294954
751	0.636141807	0.797761514
781	0.802091843	1.017379909
812	0.774433504	0.933492256
849	1.382916971	1.622734364
878	3.401975748	4.148401779
902	3.567925784	4.148681156
935	2.682858923	3.539219856
971	2.129692135	3.684356296
1025	1.90842542	3.087886035
1053	1.161650255	2.000480238
1088	0.802091843	1.064776246
1124	1.081748409	1.173663498
1149	0.227413018	0.293695252
1172	0.688692666	0.840366533
1208	1.134760227	1.367202034
1240	1.478952903	1.792972844
1265	2.292569071	4.500417015
1304	3.514914042	4.100837815
1331	3.227574621	3.836756543
1370	2.571457333	2.571946243
1412	2.127387318	2.053980966
1437	2.127387318	2.053980966
1460	0.706055957	0.731758657
1515	0.764445786	1.105285936
1550	1.400587606	1.380751827
1585	1.688695314	1.834809575
1604	2.707444171	3.892492289
1627	4.511382569	4.79481071
1663	4.360029986	4.687767346
1696	4.149519287	4.741051557
1732	2.353263762	2.538141605
1760	2.445458228	3.41678281
1792	1.450526276	2.618741919
1820	0.425631121	0.966365637];
