function	y=tmp_tao(i)	
%temperature in five years
temp=[
1	5.429166667
2	8.133333333
3	14.8125
4	16.175
5	15.87916667
6	9.6
7	5.2125
8	1.9
9	-0.104166667
10	3.891666667
11	-3.604166667
12	-2.558333333
13	-2.375
14	-1.941666667
15	1.366666667
16	5.733333333
17	-6.016666667
18	-6.795833333
19	-6.216666667
20	2.6625
21	4.895833333
22	8.675
23	12.29166667
24	4.558333333
25	8.025
26	2.0875
27	4.895833333
28	9.104166667
29	2.9375
30	0.508333333
31	2.9375
32	8.5875
33	9.183333333
34	11.10416667
35	7.316666667
36	7.641666667
37	4.716666667
38	7.991666667
39	2.808333333
40	2.2
41	1.708333333
42	1.579166667
43	4.179166667
44	1.0125
45	0.845833333
46	5.566666667
47	3.458333333
48	4.254166667
49	7.383333333
50	14.42916667
51	14.97916667
52	14.36666667
53	13.69166667
54	4.625
55	7.320833333
56	7.958333333
57	7.816666667
58	19.725
59	17.0875
60 17.10
60	17.65
61	19.7875
62	11.75833333
63	7.4125
64	12.7875
65	10.04166667
66	6.358333333
67	11.14583333
68	11.46666667
69	15.55416667
70	14.19583333
71	10.4125
72	11.04166667
73	14.7625
74	7.5625
75	2.533333333
76	8.266666667
77	13.81666667
78	6.908333333
79	9.058333333
80	13.42916667
81	16.5875
82	8.616666667
83	7.579166667
84	11.44166667
85	16.60416667
86	12.975
87	13.92083333
88	20.625
89	17.43333333
90	9.745833333
91	9.504166667
92	11.575
93	14.65833333
94	18.95
95	20.275
96	19.46666667
97	19.5625
98	12.66666667
99	10.72083333
100	4.470833333
101	11.10833333
102	14.72916667
103	16.70833333
104	7.991666667
105	9.804166667
106	13.15416667
107	11.99583333
108	7.645833333
109	10.49166667
110	13.325
111	14.1125
112	10.52083333
113	8.016666667
114	10.40416667
115	11.80833333
116	12.2375
117	12.07083333
118	15.1625
119	13
120	15.79166667
121	20.1125
122	16.94583333
123	17.2
124	13.28333333
125	14.29166667
126	17.3625
127	16.5625
128	17.90833333
129	17.70833333
130	12.38333333
131	13.49583333
132	17.3375
133	17.42083333
134	16.37916667
135	21.00833333
136	13.50833333
137	16.31666667
138	23.275
139	24.9875
140	23.1625
141	18.31666667
142	15.44583333
143	16.99166667
144	20.58333333
145	21.575
146	19.07083333
147	16.44583333
148	14.90833333
149	17.4375
150	20.02083333
151	22.3875
152	22.26666667
153	20.91666667
154	14.275
155	13.22916667
156	16.0375
157	12.20833333
158	13.32083333
159	14.23333333
160	15.95416667
161	18.7375
162	21.14583333
163	22.6875
164	23.74583333
165	22.58333333
166	21.59166667
167	20.89583333
168	25.21666667
169	25.51666667
170	25.17916667
171	25.68333333
172	26.38333333
173	26.92916667
174	26.62083333
175	26.08333333
176	28.1375
177	28.3125
178	22.975
179	23.60833333
180	22.45
181	23.325
182	22.26666667
183	25.16666667
184	28.19583333
185	28.8
186	25.2125
187	23.9875
188	25.05
189	25.90416667
190	26.3125
191	23.75833333
192	24.54166667
193	23.67083333
194	25.89166667
195	27.35
196	27.5875
197	25.21666667
198	24.70833333
199	28.59166667
200	27.93333333
201	26.875
202	26.35833333
203	26.49166667
204	24.46666667
205	25.44166667
206	23.9
207	25.77083333
208	28.47916667
209	29.55416667
210	25.575
211	19.19583333
212	20.4625
213	21.47916667
214	23.45416667
215	26.47083333
216	23.94583333
217	24.63333333
218	25.09583333
219	23.4125
220	23.1
221	21.1
222	22.57916667
223	22.00833333
224	22.5375
225	20.1375
226	20.99583333
227	21.08333333
228	22.10416667
229	23.10833333
230	23.53333333
231	23.08333333
232	23.17083333
233	23.325
234	24.42916667
235	23.95
236	23.95
237	22.05416667
238	22.54166667
239	23.2875
240	22.025
241	22.56666667
242	22.4625
243	21.65833333
244	21.34583333
245	21.82916667
246	22.42916667
247	22.82083333
248	22.41666667
249	22.41666667
250	22.41666667
251	22.41666667
252	22.41666667
253	22.41666667
254	21.7875
255	21.24166667
256	18.9375
257	16.37916667
258	17.09166667
259	19.50416667
260	22.40833333
261	17.49583333
262	17.33333333
263	17.25
264	17.54583333
265	19.8125
266	17.60416667
267	18.075
268	19.425
269	18.7875
270	21.02916667
271	22.0625
272	15.77083333
273	15.67916667
274	17.16666667
275	19.01666667
276	19.7625
277	10.6125
278	10.925
279	13.43333333
280	13.375
281	15.8125
282	16.32916667
283	11.5375
284	10.24166667
285	10
286	11.73333333
287	16.175
288	16.27083333
289	16.94583333
290	18.49166667
291	16.7125
292	9.108333333
293	10.9375
294	11.61666667
295	15.775
296	16.4125
297	13.0125
298	13.9625
299	15.98333333
300	17.525
301	18.77916667
302	15.9625
303	20.58333333
304	16.48333333
305	14.02916667
306	9.775
307	3.204166667
308	4.729166667
309	9.545833333
310	14.7875
311	17.32916667
312	17.45
313	6.4625
314	1.583333333
315	1.445833333
316	0.470833333
317	2.3875
318	4.904166667
319	1.183333333
320	2.554166667
321	3.8875
322	9.041666667
323	11.6625
324	9.716666667
325	5.891666667
326	3.666666667
327	2.491666667
328	6.225
329	10.62083333
330	13.925
331	1.9
332	0.1875
333	1.6375
334	5.558333333
335	6.9225
336	1.746666667
337	4.197916667
338	5.025
339	2.995833333
340	5.041666667
341	5.670833333
342	3.320833333
343	1.891666667
344	2.758333333
345	9.7875
346	14.42916667
347	12.65
348	6.8125
349	3.916666667
350	3.579166667
351	7.7875
352	6.916666667
353	3.629166667
354	-3.9375
355	-4.279166667
356	-1.525
357	5.958333333
358	12.64166667
359	2.483333333
360	2.125
361	6.9875
362	9.25
363	4.99583333
364	5.2625
365	5.5375
1	5.429166667
2	8.133333333
3	14.8125
4	16.175
5	15.87916667
6	9.6
7	5.2125
8	1.9
9	-0.104166667
10	3.891666667
11	-3.604166667
12	-2.558333333
13	-2.375
14	-1.941666667
15	1.366666667
16	5.733333333
17	-6.016666667
18	-6.795833333
19	-6.216666667
20	2.6625
21	4.895833333
22	8.675
23	12.29166667
24	4.558333333
25	8.025
26	2.0875
27	4.895833333
28	9.104166667
29	2.9375
30	0.508333333
31	2.9375
32	8.5875
33	9.183333333
34	11.10416667
35	7.316666667
36	7.641666667
37	4.716666667
38	7.991666667
39	2.808333333
40	2.2
41	1.708333333
42	1.579166667
43	4.179166667
44	1.0125
45	0.845833333
46	5.566666667
47	3.458333333
48	4.254166667
49	7.383333333
50	14.42916667
51	14.97916667
52	14.36666667
53	13.69166667
54	4.625
55	7.320833333
56	7.958333333
57	7.816666667
58	19.725
59	17.0875
60	17.65
61	19.7875
62	11.75833333
63	7.4125
64	12.7875
65	10.04166667
66	6.358333333
67	11.14583333
68	11.46666667
69	15.55416667
70	14.19583333
71	10.4125
72	11.04166667
73	14.7625
74	7.5625
75	2.533333333
76	8.266666667
77	13.81666667
78	6.908333333
79	9.058333333
80	13.42916667
81	16.5875
82	8.616666667
83	7.579166667
84	11.44166667
85	16.60416667
86	12.975
87	13.92083333
88	20.625
89	17.43333333
90	9.745833333
91	9.504166667
92	11.575
93	14.65833333
94	18.95
95	20.275
96	19.46666667
97	19.5625
98	12.66666667
99	10.72083333
100	4.470833333
101	11.10833333
102	14.72916667
103	16.70833333
104	7.991666667
105	9.804166667
106	13.15416667
107	11.99583333
108	7.645833333
109	10.49166667
110	13.325
111	14.1125
112	10.52083333
113	8.016666667
114	10.40416667
115	11.80833333
116	12.2375
117	12.07083333
118	15.1625
119	13
120	15.79166667
121	20.1125
122	16.94583333
123	17.2
124	13.28333333
125	14.29166667
126	17.3625
127	16.5625
128	17.90833333
129	17.70833333
130	12.38333333
131	13.49583333
132	17.3375
133	17.42083333
134	16.37916667
135	21.00833333
136	13.50833333
137	16.31666667
138	23.275
139	24.9875
140	23.1625
141	18.31666667
142	15.44583333
143	16.99166667
144	20.58333333
145	21.575
146	19.07083333
147	16.44583333
148	14.90833333
149	17.4375
150	20.02083333
151	22.3875
152	22.26666667
153	20.91666667
154	14.275
155	13.22916667
156	16.0375
157	12.20833333
158	13.32083333
159	14.23333333
160	15.95416667
161	18.7375
162	21.14583333
163	22.6875
164	23.74583333
165	22.58333333
166	21.59166667
